0	1	銅鉱	2	0	0
0	1	ファイアシャード	2	0	0
0	1	アイスシャード	0	3	1
0	1	ウィンドシャード	1	2	1
0	1	アースシャード	0	1	0
0	1	ライトニングシャード	2	1	2
0	1	ウォーターシャード	0	2	1
0	3	濁水	2	0	0
0	5	骨片	2	1	2
0	6	錫鉱	2	0	0
0	7	サンストーン原石	1	1	0
0	7	ラピスラズリ原石	0	3	2
0	8	枯骨	2	0	0
0	9	亜鉛鉱	2	0	0
0	10	黒曜石	2	0	0
0	10	粘土	1	3	2
0	14	鉄鉱	2	0	1
0	16	マラカイト原石	2	2	2
0	17	スフェーン原石	1	3	1
0	17	フローライト原石	2	2	2
0	18	ダンビュライト原石	1	3	1
0	19	桜貝	1	3	1
0	19	アルメン	2	2	2
0	24	ソーダ水	1	5	2
0	25	銀鉱	1	5	2
0	26	ファイアクリスタル	3	4	0
0	26	アイスクリスタル	3	2	0
0	26	ウィンドクリスタル	3	5	0
0	26	アースクリスタル	4	2	4
0	26	ライトニングクリスタル	3	2	6
0	26	ウォータークリスタル	3	2	6
0	28	飛竜黒曜石	2	2	0
0	30	硝石	2	2	0
0	31	ガーネット原石	0	2	1
0	31	御影石	1	2	1
0	31	リトルワーム	2	3	2
0	32	ヘリオドール原石	2	3	2
0	33	ゴシェナイト原石	0	2	1
0	33	ペリドット原石	1	2	1
0	34	霊銀鉱	2	3	2
0	34	アメジスト原石	1	2	1
0	35	アクアマリン原石	0	2	1
0	36	トルマリン原石	1	5	1
0	37	スピネル原石	1	5	1
0	38	ジルコン原石	3	1	1
0	39	ジェード	3	1	1
0	40	ブラックアルメン	1	5	1
0	41	ターコイズ原石	0	4	1
0	43	青金鉱	0	4	1
0	44	アンバー原石	2	2	2
0	45	ルベライト原石	2	2	2
0	46	バジリスクの卵	2	4	0
0	47	鏡鉄鉱	2	4	0
0	49	陸亀の甲羅	2	4	0
0	50	オーガの角	2	4	0
0	50	ファイアクラスター	3	4	100
0	50	アイスクラスター	3	1	100
0	50	ウィンドクラスター	3	5	100
0	50	アースクラスター	3	6	100
0	50	ウォータークラスター	3	2	100
0	50	金鉱	2	2	100
0	50	闇鉄鉱	3	0	100
0	50	コブランラーヴァ	2	2	100
0	50	無属性クリスタル	0	1	100
0	50	グレガリアスワーム	0	1	100
0	50	鉄重石	2	4	100
0	50	ルビー原石	0	1	100
0	50	ダイヤモンド原石	2	1	100
0	50	エメラルド原石	2	1	100
0	50	トパーズ原石	2	4	100
0	50	アイオライト原石	2	4	100
0	50	サファイア原石	0	1	100
0	50	自然金	2	1	100
0	50	ダークマタークラスター	0	1	100
0	50	黄銅鉱	3	1	100
0	50	白金鉱	2	3	100
0	50	大龍黒曜石	3	1	0
0	50	バジリスクの初卵	2	4	100
0	51	黄鉄鉱	3	4	100
0	51	アゲート原石	3	4	1
0	52	タイガーズアイ原石	3	4	1
0	53	精霊銀鉱	3	1	2
0	53	輝銅鉱	3	4	100
0	53	ラリマール原石	3	1	2
0	54	褐鉄鉱	3	4	100
0	54	モルモリオン原石	3	1	2
0	54	ドラヴァニア天然水	3	4	1
0	55	チタン鉱	3	4	0
0	55	スタールビー原石	3	4	0
0	55	スターサファイア原石	3	4	0
0	57	赤鉄鉱	3	5	100
0	57	オパール原石	3	4	2
0	57	アバラシア天然水	3	2	6
0	57	ラザハン古銭	3	5	0
0	58	硬銀鉱	3	5	0
0	58	カーネリアン原石	3	4	2
0	58	氷筍	3	1	1
0	59	赤銅鉱	3	5	100
0	59	シトリン原石	3	1	1
0	59	皇金砂	3	2	6
0	60	アダマン鉱	3	3	100
0	60	真龍黒曜石	3	5	0
0	60	クリソライト原石	3	5	0
0	60	イブニングジェード	3	1	1
0	60	ナチュラルマーブル	3	2	6
0	60	砕星砂	4	1	0
0	60	紫洲小判	5	1	4
0	60	コッター朝の宝飾	4	1	0
0	60	枯角	3	4	2
0	60	レインボーピグメント	3	4	2
0	60	ギラバニアピグメント	4	2	4
0	60	黄葛根	4	2	4
0	60	トリフェーン原石	4	1	100
0	60	ギラバニアアルメン	4	1	0
0	61	ギラバニア鉱泉水	4	1	2
0	62	カイヤナイト原石	4	1	2
0	62	銛素材	4	1	2
0	63	魔銅鉱	5	1	6
0	63	スタースピネル原石	5	1	100
0	63	保温性素材	3	1	4
0	64	岩清水	5	2	0
0	65	餅鉄	5	2	0
0	66	ショール	5	3	1
0	66	アズライト原石	5	3	100
0	68	翠銀鉱	5	2	4
0	68	インペリアルジェード原石	5	2	100
0	70	輝水鉛鉱	4	3	0
0	70	ロードナイト原石	4	2	100
0	70	アルマンディン	4	3	0
0	70	ヤンサ沃土	5	3	1
0	1	ファイアシャード	0	0	0
0	1	アイスシャード	0	3	1
0	1	ウィンドシャード	1	4	1
0	1	アースシャード	0	1	0
0	1	ライトニングシャード	2	1	0
0	1	ウォーターシャード	2	0	1
0	11	細砂	2	1	0
0	11	銅砂	2	0	1
0	12	岩塩	2	1	0
0	13	砂岩	2	1	0
0	14	砂鉄	2	0	1
0	15	辰砂	2	0	1
0	17	石灰岩	0	3	1
0	20	泥岩	0	3	1
0	20	コールマターG1	0	0	0
0	21	土性岩	1	5	2
0	22	銀砂	1	5	2
0	23	火性岩	0	4	2
0	23	氷性岩	1	5	2
0	24	風性岩	1	5	2
0	24	雷性岩	0	4	2
0	25	水性岩	0	4	2
0	26	ボムの灰	2	3	2
0	26	ファイアクリスタル	2	2	0
0	26	アイスクリスタル	0	3	3
0	26	ウィンドクリスタル	1	4	1
0	26	アースクリスタル	0	1	0
0	26	ライトニングクリスタル	2	3	0
0	26	ウォータークリスタル	2	0	4
0	27	珪砂	2	3	2
0	28	ブルーピグメント	2	0	4
0	28	レッドピグメント	2	2	0
0	28	イエローピグメント	0	1	0
0	28	グレイピグメント	0	3	3
0	28	ブラウンピグメント	0	1	0
0	28	グリーンピグメント	1	4	1
0	28	パープルピグメント	2	3	0
0	29	硫黄	0	4	2
0	30	シルト岩	0	4	2
0	30	ラノシアンソイルG1	0	1	0
0	30	シュラウドソイルG1	1	4	1
0	30	ザナラーンソイルG1	2	2	0
0	33	霊銀砂	2	3	1
0	40	グレネードの灰	2	4	0
0	42	青金砂	0	4	1
0	45	大理石	0	4	1
0	46	ラノシアンソイルG2 	0	1	2
0	46	シュラウソイルG2	1	4	0
0	46	ザナラーンソイルG2	2	0	5
0	50	黒石灰岩	0	3	3
0	50	ファイアクラスター	0	0	100
0	50	アイスクラスター	6	0	100
0	50	ウィンドクラスター	6	0	100
0	50	アースクラスター	6	0	100
0	50	ライトニングクラスター	3	1	1
0	50	ウォータークラスター	2	0	100
0	50	星性岩	3	0	100
0	50	金砂	2	2	100
0	50	ラノシア岩塩	0	2	100
0	50	霊性岩	1	5	100
0	50	無属性クリスタル	0	0	100
0	50	ラノシアンソイルG3	0	0	100
0	50	シュラウドソイルG3	1	5	100
0	50	ザナラーンソイルG3	2	0	100
0	50	強霊性岩	2	2	100
0	50	ダークマタークラスター	0	0	100
0	50	パミスストーン	0	2	100
0	51	精霊銀砂	3	1	3
0	52	イエロークォーツ	3	6	100
0	55	グリーンクォーツ	3	6	100
0	56	アバラシア岩塩	3	2	100
0	56	ファイアグラベル	3	4	2
0	56	ライトニンググラベル	3	1	1
0	56	硬銀砂	3	6	1
0	56	古竜骨片	3	6	1
0	58	白雲母	3	6	1
0	58	レッドクォーツ	3	2	100
0	58	強火性岩	3	4	2
0	58	強雷性岩	3	1	1
0	59	テクタイト	3	6	1
0	59	ダスケンモス	3	6	1
0	60	レイディアントファイアグラベル	3	4	2
0	60	レイディアントライトニンググラベル	3	1	1
0	60	光霊銀砂	3	6	1
0	60	レイディアントアストラルグラベル	3	1	1
0	61	珪岩	4	2	1
0	61	魔銅砂	4	2	1
0	61	石薬素材	4	2	1
0	62	粘板岩	4	2	1
0	63	珪藻土	5	1	1
0	64	紫水結晶	5	1	1
0	65	雲海の羽根	3	6	1
0	66	パーライト	5	2	4
0	66	翠銀砂	5	3	1
0	67	真砂砂鉄	5	3	1
0	69	清金砂	5	3	1
0	69	アラミゴ塩	4	3	100
0	70	ヤンサ沃土	5	2	4
1	1	ラテックス	1	2	2
1	1	ファイアシャード	0	0	0
1	1	アイスシャード	0	3	1
1	1	ウィンドシャード	1	2	2
1	1	アースシャード	0	1	0
1	1	ライトニングシャード	2	1	2
1	1	ウォーターシャード	0	2	1
1	2	アラガンスネイル	1	2	2
1	2	メープル樹液	1	3	2
1	3	メープル原木	1	2	2
1	4	シナモン	1	3	2
1	5	メープルの枝	1	2	2
1	5	蜜蜂の巣	1	3	2
1	6	コックの羽根	2	1	2
1	6	ティノルカミスルトゥ	1	2	3
1	7	ラノシアオレンジ	0	1	0
1	7	ラノシアオレンジの種	0	1	0
1	8	アッシュ原木	1	2	3
1	9	ククルビーン	0	1	0
1	9	アッシュの枝	1	2	3
1	10	クローヴ	2	1	2
1	10	クロウの羽根	1	2	3
1	12	エルム原木	1	2	4
1	14	チェスナット	1	2	4
1	16	フェアリーアップル	1	4	1
1	16	フェアリーアップルの種	1	4	1
1	17	サンレモン	0	1	0
1	17	サンレモンの種	0	1	0
1	18	ノパル	2	1	0
1	19	ユー原木	1	4	1
1	20	ユーの枝	1	4	1
1	20	コールマターG1	0	3	1
1	21	ウォルナット	1	5	2
1	23	ノフィカミスルトゥ	1	5	2
1	24	ウォルナット原木	1	5	2
1	26	ファイアクリスタル	0	0	0
1	26	アイスクリスタル	1	5	2
1	26	ウィンドクリスタル	1	2	4
1	26	アースクリスタル	1	3	1
1	26	ライトニングクリスタル	2	1	2
1	26	ウォータークリスタル	0	2	1
1	28	ブルーピグメント	0	2	1
1	28	レッドピグメント	0	0	0
1	28	イエローピグメント	1	3	1
1	28	グレイピグメント	1	5	2
1	28	ブラウンピグメント	1	3	1
1	28	グリーンピグメント	1	2	4
1	28	パープルピグメント	2	1	2
1	29	チョコボの羽根	1	5	0
1	30	アリゲーターペア	1	5	0
1	31	オークの枝	1	5	3
1	32	オーク原木	1	5	3
1	35	タランチュラ	1	5	3
1	36	アイアンエーコン	0	2	2
1	37	マホガニー原木	0	2	2
1	39	ナツメグ	0	2	2
1	40	アーモンド	0	2	2
1	40	アーモンドの種	0	2	2
1	42	シャインアップル	3	0	3
1	42	シャインアップルの種	3	0	3
1	44	ミスルトゥ	3	0	3
1	46	ローズウッド原木	1	4	0
1	47	ローズウッドの枝	1	4	0
1	50	ファイアクラスター	6	0	100
1	50	アイスクラスター	6	0	100
1	50	ウィンドクラスター	6	0	100
1	50	アースクラスター	6	0	100
1	50	ライトニングクラスター	6	0	100
1	50	ウォータークラスター	6	0	100
1	50	パイナップル	0	2	100
1	50	スプルース原木	3	0	100
1	50	サベネアミスルトゥ	3	0	100
1	50	ヴァンパイアプラント	3	0	100
1	50	パイナップルの種	0	2	100
1	50	無属性クリスタル	0	0	100
1	50	黒衣香木	1	5	100
1	50	アプリコット	0	0	100
1	50	ブラッドオレンジ	0	4	100
1	50	バンブー材	0	4	100
1	50	高級黒衣香木	1	2	100
1	50	緋樹液	1	3	100
1	50	ダークマタークラスター	0	0	100
1	50	シーダー原木	3	1	0
1	50	エボニー原木	0	0	100
1	50	サイプレス原木	1	2	100
1	50	シーダーの枝	3	1	0
1	51	ポルチーニ	3	6	100
1	54	ダークチェスナット原木	3	4	1
1	54	ドラヴァニアミスルトゥ	3	6	100
1	55	ダークマロン	3	4	1
1	55	ダークチェスナットの枝	3	4	1
1	56	ヘヴンズドレモン	3	2	100
1	56	スカイウィドー	3	2	6
1	57	クラウドバナナ	3	5	100
1	58	バーチ原木	3	2	6
1	58	バーチの枝	3	2	6
1	58	アバラシアミスルトゥ	3	2	100
1	59	モリーユ	3	5	100
1	59	バーチ樹液	3	2	6
1	59	クラウドマッシュルーム	3	2	6
1	60	カンファー原木	3	6	0
1	60	カンファーの枝	3	6	0
1	60	ビーチの枝	4	1	100
1	61	ロークワット	4	1	0
1	61	ビーチ原木	4	1	0
1	63	タケノコ	5	2	100
1	63	ラーチ原木	5	1	2
1	64	熾火玉	5	1	2
1	64	松脂	5	2	5
1	65	椎茸	5	1	2
1	65	パイン原木	5	2	5
1	66	蒸留器素材	5	2	5
1	66	パーシモンリーフ	4	1	1
1	67	パーシモン	4	1	1
1	67	パーシモン原木	4	1	1
1	70	崖っぷち備品素材	4	3	2
1	70	オサードプラム	5	3	100
1	70	ゼルコバ原木	4	3	2
1	70	トレヤの枝	4	3	2
1	70	ヤンサバーベナ	4	3	2
1	1	ファイアシャード	0	0	1
1	1	アイスシャード	0	3	3
1	1	ウィンドシャード	1	2	4
1	1	アースシャード	0	1	1
1	1	ライトニングシャード	2	1	1
1	1	ウォーターシャード	0	2	1
1	1	火晶草の種	0	0	1
1	1	氷晶草の種	0	3	3
1	1	風晶草の種	1	2	4
1	1	土晶草の種	0	1	1
1	1	雷晶草の種	2	1	1
1	1	水晶草の種	2	0	1
1	11	シャンテレール	1	2	4
1	11	ローランドグレープ	0	1	1
1	11	ライ麦	2	0	1
1	11	小麦	0	0	1
1	11	ガーリック	2	0	4
1	11	ツリートード	1	2	4
1	11	モコ草	2	0	1
1	11	ジンセン	2	1	1
1	11	ローランドグレープの種	0	1	1
1	11	ガーリックの種球根	2	0	4
1	12	ワイルドオニオン	2	0	4
1	12	バッファロービーン	1	2	4
1	12	麦わら	0	0	1
1	12	ラベンダー	1	2	4
1	12	グラスバイパー	2	0	1
1	12	ワイルドオニオンの種球根	2	0	4
1	12	ラベンダーの種	1	2	4
1	13	クルザスカロット	2	0	1
1	13	オーガパンプキン	2	0	4
1	13	ラノシアレタス	0	0	1
1	13	オリーヴ	0	1	1
1	13	腐葉土	1	2	4
1	13	カーネーション	1	2	4
1	13	クルザスカロットの種	2	0	1
1	13	ラノシアレタスの種	0	0	1
1	13	オリーヴの種	0	1	1
1	14	スピナッチ	0	1	1
1	14	ブラックペッパー	2	1	1
1	14	草綿	1	2	4
1	14	ブラックペッパーの種	2	1	1
1	15	ルビートマト	0	0	1
1	15	パースニップ	2	1	1
1	15	ハイランドパセリ	0	1	1
1	15	マージョラム	1	2	4
1	16	パプリカ	0	3	3
1	16	ガラゴミント	1	4	1
1	16	パプリカの種	0	3	3
1	17	レンティル	0	3	3
1	18	ポポト	2	2	3
1	18	ベラドンナ	1	4	1
1	18	ポポトの種芋	2	2	3
1	19	ギルバン	1	4	1
1	20	ラノシアの苗	0	3	3
1	20	黒衣森の苗	1	4	1
1	20	ザナラーンの苗	2	2	3
1	20	ホワイトスコーピオン	2	2	3
1	21	ピクシープラム	0	4	2
1	21	ピクシープラムの種	0	4	2
1	22	ボタンマッシュルーム	2	2	2
1	22	ノーブルグレープ	0	4	2
1	23	アラミゴマスタード	2	2	2
1	23	アラミゴマスタードの種	2	2	2
1	24	パールジンジャー	2	2	2
1	24	カモミール	0	4	2
1	24	パールジンジャーの種生姜	2	2	2
1	24	カモミールの種	0	4	2
1	25	スティッキーライス	0	4	2
1	25	ミリオンコーン	2	2	2
1	25	ミリオンコーンの種	2	2	2
1	26	ジェードピー	1	3	3
1	26	ファイアクリスタル	3	4	0
1	26	アイスクリスタル	3	1	3
1	26	ウィンドクリスタル	3	5	1
1	26	アースクリスタル	3	6	1
1	26	ライトニングクリスタル	3	2	0
1	26	ウォータークリスタル	5	1	7
1	27	エッグプラント	1	3	3
1	27	エッグプラントの種	1	3	3
1	28	ミッドランドキャベツ	1	3	3
1	28	ミッドランドキャベツの種	1	3	3
1	30	ムアリーチ	1	3	3
1	31	亜麻	1	5	3
1	31	ヤフェームの野草	2	3	0
1	31	亜麻の種	1	5	3
1	32	アロエ	2	3	0
1	32	ミッドランドバジル	0	2	1
1	32	ミッドランドバジルの種	0	2	1
1	33	ホワイトトリュフ	1	5	3
1	33	ブラッドグラス	2	3	0
1	33	マンドレイク	0	2	1
1	33	マンドレイクの種	0	2	1
1	34	リーキ	0	2	1
1	34	ローレル	2	3	0
1	34	フェザントの羽根	1	5	3
1	35	ドラゴンペッパー	0	2	1
1	35	デザートサフラン	2	3	0
1	36	ブラッドカーラント	1	5	3
1	36	ブラッドカーラントの種	1	5	3
1	37	マグワート	0	2	2
1	38	アーティチョーク	0	2	2
1	39	ズッキーニ	0	2	2
1	39	タイム	1	5	3
1	41	サゴリーセージ	0	4	1
1	42	ブラックスコーピオン	0	4	1
1	43	ロランベリー	0	4	1
1	43	ロランベリーの種	0	4	1
1	45	ダートフロッグ	0	4	1
1	48	ザナラーン茶葉	2	3	2
1	49	ラーヴァトード	2	3	2
1	50	メイデングラス	2	3	2
1	50	ファイアクラスター	3	4	100
1	50	アイスクラスター	3	1	100
1	50	ウィンドクラスター	3	5	100
1	50	アースクラスター	3	4	2
1	50	ゼーメルトマト	0	2	100
1	50	ブラックトリュフ	2	2	100
1	50	ハニーレモン	0	2	100
1	50	生マユ	1	4	100
1	50	トリリウム	1	4	100
1	50	トリリウムの球根	1	4	100
1	50	ミニマンドラゴラ	1	4	100
1	50	ゼーメルトマトの種	0	2	100
1	50	ハニーレモンの種	0	2	100
1	50	無属性クリスタル	0	1	100
1	50	マズラヤの野草	0	1	100
1	50	ラノシアリーキ	0	3	100
1	50	ソフトスピナッチ	0	1	100
1	50	水鳥の羽根	0	3	100
1	50	ティノルカ茶葉	1	2	100
1	50	ダークマタークラスター	0	1	100
1	50	オールドワールドフィグ	3	4	100
1	50	オールドワールドフィグの種	3	4	100
1	50	ローズマリー	1	4	100
1	51	虹綿	3	1	3
1	52	プチキャベツ	3	1	100
1	52	イノンド	3	1	3
1	52	プチキャベツの種	3	1	100
1	53	サイクロプスオニオン	3	4	0
1	53	ハイランド小麦	3	4	0
1	53	クルザス茶葉	3	1	100
1	53	クルザス茶樹の種	3	1	100
1	54	青麻	3	4	0
1	55	マグマビート	3	6	1
1	55	エメラルドビーン	3	6	1
1	55	チャイブ	3	1	100
1	56	オレガノ	3	1	3
1	56	赤玉土	3	4	2
1	56	エキナセア	3	4	2
1	57	セサミ	3	2	0
1	57	タンジー	3	5	1
1	57	ラザハン古銭	3	5	1
1	58	スペアミント	3	1	3
1	58	ピートモス	3	4	2
1	58	氷筍	3	1	3
1	58	ヘンルーダ	3	1	3
1	59	ダンデライオン	3	6	2
1	59	コリアンダー	3	1	3
1	59	ダスケンモス	3	6	2
1	60	カベイジの野菜	3	1	100
1	60	クラリーセージ	3	1	3
1	60	黒土	3	4	2
1	60	キャットニップ	3	5	1
1	60	ペリウィンクル	3	2	0
1	60	ナチュラルマーブル	3	2	0
1	60	砕星砂	4	1	0
1	60	紫洲小判	5	1	7
1	60	コッター朝の宝飾	4	1	0
1	60	メネフィナローレル	3	1	3
1	60	淡雪綿	3	1	3
1	60	レインボーピグメント	3	4	2
1	60	ギラバニアピグメント	4	2	0
1	60	黄葛根	4	2	0
1	60	高原小麦	4	1	0
1	60	赤麻	4	1	0
1	61	石薬素材	4	2	0
1	62	マウンテンポポト	4	2	0
1	62	蕎麦の実	4	2	0
1	62	玉藻	5	1	1
1	62	銛素材	4	1	1
1	63	紅玉綿花	5	1	1
1	63	ホーリーバジル	4	1	1
1	63	保温性素材	3	1	2
1	64	シュガービート	4	2	0
1	64	グリーンリーキ	4	2	0
1	64	大豆	5	1	3
1	64	アマノリ	5	1	1
1	64	紫水結晶	5	1	1
1	65	葛根	4	1	1
1	65	馬芹	5	1	3
1	65	葛のつる	4	1	1
1	65	雲海の羽根	3	6	3
1	66	大根	5	2	2
1	66	ギラバニアカロット	4	2	3
1	66	蓮根	5	2	100
1	66	サンキャベツ	5	3	0
1	66	フェンネル	5	3	0
1	66	アジムスパイス	5	3	0
1	66	黄土	5	3	0
1	66	風茶葉	5	2	2
1	67	紅玉昆布	5	1	1
1	68	ジャムメルジンジャー	4	3	100
1	68	2セリ	5	2	2
1	68	アリッサム	4	2	3
1	68	御形	5	2	2
1	68	チックウィード	5	3	0
1	68	ニップルワート	5	3	0
1	69	ドマ茄子	5	2	2
1	69	玉繭	4	2	3
1	70	ハロードバジル	4	2	100
1	70	ヤンサバーベナ	5	2	2
0	60	重石華	3	1	200
0	60	バイオレットクォーツ	3	1	200
0	60	アストラルグラベル	3	1	200
1	60	ドラヴァニアパプリカ	3	1	200
1	60	バニラビーンズ	3	1	200
1	60	雪綿	3	1	200
0	60	皇金鉱	3	6	200
0	60	光霊銀鉱	3	6	200
0	60	ブルークォーツ	3	5	200
0	60	沸石	3	5	200
1	60	カンファー古木	3	6	200
1	60	樹液結晶	3	6	200
1	60	ブラウンマッシュルーム	3	6	200
1	60	チーク原木	3	5	200
1	60	スナーブルベリー	3	5	200
1	60	アストラルフラワー	3	6	200
1	60	ノーブルセージ	3	4	200
0	60	レッドアルメン	3	3	200
0	60	菱亜鉛鉱	3	2	200
0	60	メテオライト	3	2	200
0	60	輝金鉱	3	3	200
0	60	金雲母	3	2	200
1	60	スイートアーモンド	3	2	200
1	60	ワットル樹皮	3	3	200
1	60	星綿	3	3	200
0	70	クロマイト	4	2	200
0	70	ギラバニア清水	4	2	200
0	70	岩鉄	4	1	200
0	70	常輝鉱	4	3	200
1	70	トレヤ原木	4	3	200
1	70	ブラックウィロー原木	4	1	200
1	70	老木樹液塊	4	1	200
1	70	ウルンダイ原木	4	2	200
1	70	真麻	4	2	200
0	70	清金鉱	5	2	200
0	70	夜鉄鉱	5	1	200
0	70	清銀鉱	5	3	200
0	70	鷹目石	5	1	200
0	70	アジム湧水	5	3	200
1	70	藍麻	5	3	200
1	70	アジム綿花	5	3	200
1	70	延夏綿	5	2	200